"Date,Draw Order Numbers,Lucky Stars,Jackpot (€),Jackpot Won?"
"2025-07-04,19 29 42 45 48,5 7,64,874,337,No"
"2025-07-01,1 17 28 32 34,7 8,51,016,731,No"
"2025-06-27,19 27 36 45 49,7 10,40,322,654,No"
"2025-06-24,7 16 21 23 39,7 11,26,938,273,No"
"2025-06-20,5 8 24 37 47,3 9,17,000,000,No"
"2025-06-17,13 22 23 44 49,3 5,250,000,000,Yes"
"2025-06-13,2 28 40 43 45,3 7,250,000,000,No"
"2025-06-10,19 36 39 40 45,5 6,250,000,000,No"
"2025-06-06,20 21 29 30 35,2 12,250,000,000,No"
"2025-06-03,12 15 38 47 48,5 7,238,816,941,No"
"2025-05-30,4 7 14 33 36,1 5,218,316,095,No"
"2025-05-27,12 30 38 40 41,4 12,198,011,279,No"
"2025-05-23,10 29 43 46 49,7 12,182,346,242,No"
"2025-05-20,1 8 13 29 47,5 6,164,911,120,No"
"2025-05-16,6 9 25 37 46,6 12,151,408,194,No"
"2025-05-13,9 19 44 47 50,2 9,135,332,717,No"
"2025-05-09,15 18 25 29 47,5 9,123,011,264,No"
"2025-05-06,8 23 24 47 48,4 9,108,197,286,No"
"2025-05-02,3 5 19 21 49,1 10,97,254,382,No"
"2025-04-29,2 9 24 30 41,1 11,83,786,487,No"
"2025-04-25,13 22 32 39 41,1 12,74,400,108,No"
"2025-04-22,7 28 33 37 47,9 12,62,465,228,No"
"2025-04-18,20 27 35 39 48,3 8,52,448,887,No"
"2025-04-15,3 31 33 38 44,6 12,39,576,503,No"
"2025-04-11,14 28 34 46 49,3 8,29,653,056,No"
"2025-04-08,3 14 15 48 49,1 7,17,000,000,No"
"2025-04-04,27 39 41 45 50,5 7,30,117,535,Yes"
"2025-04-01,9 24 30 46 49,4 12,17,000,000,No"
"2025-03-28,10 21 30 42 45,1 9,250,000,000,Yes"
"2025-03-25,1 3 18 33 36,2 6,220,427,177,No"
"2025-03-21,9 17 18 21 50,5 12,200,584,076,No"
"2025-03-18,4 9 35 46 50,8 11,179,328,993,No"
"2025-03-14,8 10 33 35 49,2 9,163,297,044,No"
"2025-03-11,13 36 37 42 47,7 11,144,588,956,No"
"2025-03-07,6 10 27 32 48,3 8,130,000,000,No"
"2025-03-04,15 20 29 35 42,2 9,17,000,000,No"
"2025-02-28,7 16 31 43 46,5 9,52,448,674,Yes"
"2025-02-25,17 22 23 24 44,6 11,38,919,455,No"
"2025-02-21,1 3 11 20 43,2 11,29,270,259,No"
"2025-02-18,5 14 25 26 40,5 7,17,000,000,No"
"2025-02-14,4 14 31 36 38,3 10,78,450,739,Yes"
"2025-02-11,3 21 36 41 46,1 6,64,222,634,No"
"2025-02-07,10 23 24 29 45,8 10,53,335,818,No"
"2025-02-04,3 4 29 39 43,5 10,39,688,311,No"
"2025-01-31,22 30 41 44 49,2 7,29,691,765,No"
"2025-01-28,9 37 41 42 49,1 9,17,000,000,No"
"2025-01-24,2 11 19 30 49,3 8,99,397,573,Yes"
"2025-01-21,6 8 14 27 41,4 5,85,948,097,No"
"2025-01-17,8 15 24 35 42,6 8,76,208,290,No"
"2025-01-14,18 20 29 41 48,5 9,63,894,652,No"
"2025-01-10,12 27 36 37 42,6 7,52,905,618,No"
"2025-01-07,20 33 35 41 47,4 12,39,138,031,No"
"2025-01-03,3 19 29 35 37,1 9,29,139,979,No"
